{"metadata":{"kernelspec":{"language":"python","display_name":"Python 3","name":"python3"},"language_info":{"name":"python","version":"3.7.12","mimetype":"text/x-python","codemirror_mode":{"name":"ipython","version":3},"pygments_lexer":"ipython3","nbconvert_exporter":"python","file_extension":".py"}},"nbformat_minor":4,"nbformat":4,"cells":[{"cell_type":"code","source":"import re\nimport pandas as pd\nimport numpy as np\nimport plotly.express as px\nimport plotly.graph_objects as go\nimport seaborn as sns\n\nfrom sklearn.preprocessing import MinMaxScaler\nfrom sklearn.neural_network import MLPClassifier\nfrom sklearn.impute import SimpleImputer\nfrom sklearn.svm import SVC","metadata":{"_uuid":"6b43cb9e-b172-4283-9689-fc4996308b5d","_cell_guid":"f19e7547-0d0c-4143-907b-85c9d11f804c","collapsed":false,"jupyter":{"outputs_hidden":false},"execution":{"iopub.status.busy":"2023-03-25T14:35:13.283456Z","iopub.execute_input":"2023-03-25T14:35:13.283877Z","iopub.status.idle":"2023-03-25T14:35:13.291127Z","shell.execute_reply.started":"2023-03-25T14:35:13.283842Z","shell.execute_reply":"2023-03-25T14:35:13.289652Z"},"trusted":true},"execution_count":152,"outputs":[]},{"cell_type":"code","source":"BASE_PATH = \"/kaggle/input/spaceship-titanic/\"\nTRAIN_CSV_PATH = BASE_PATH + \"train.csv\"\nTEST_CSV_PATH = BASE_PATH + \"test.csv\"\nOUTPUT_PATH = \"/kaggle/working\"","metadata":{"_uuid":"a0b5a0d7-a94c-47fe-810c-9eda74a027e6","_cell_guid":"69f19ec7-05bb-4d85-b961-fbc11d499acc","collapsed":false,"jupyter":{"outputs_hidden":false},"execution":{"iopub.status.busy":"2023-03-25T14:38:01.968838Z","iopub.execute_input":"2023-03-25T14:38:01.969296Z","iopub.status.idle":"2023-03-25T14:38:01.974902Z","shell.execute_reply.started":"2023-03-25T14:38:01.969258Z","shell.execute_reply":"2023-03-25T14:38:01.973915Z"},"trusted":true},"execution_count":175,"outputs":[]},{"cell_type":"code","source":"train_df = pd.read_csv(TRAIN_CSV_PATH, )\ntest_df = pd.read_csv(TEST_CSV_PATH)\n\ntrain_df.head()","metadata":{"_uuid":"9832e143-34d5-451c-b6d8-df64bb08af2d","_cell_guid":"074c6000-1b95-48d8-935f-9df399973d1f","collapsed":false,"jupyter":{"outputs_hidden":false},"execution":{"iopub.status.busy":"2023-03-25T14:35:13.307634Z","iopub.execute_input":"2023-03-25T14:35:13.308332Z","iopub.status.idle":"2023-03-25T14:35:13.373116Z","shell.execute_reply.started":"2023-03-25T14:35:13.308290Z","shell.execute_reply":"2023-03-25T14:35:13.372170Z"},"trusted":true},"execution_count":154,"outputs":[{"execution_count":154,"output_type":"execute_result","data":{"text/plain":"  PassengerId HomePlanet CryoSleep  Cabin  Destination   Age    VIP  \\\n0     0001_01     Europa     False  B/0/P  TRAPPIST-1e  39.0  False   \n1     0002_01      Earth     False  F/0/S  TRAPPIST-1e  24.0  False   \n2     0003_01     Europa     False  A/0/S  TRAPPIST-1e  58.0   True   \n3     0003_02     Europa     False  A/0/S  TRAPPIST-1e  33.0  False   \n4     0004_01      Earth     False  F/1/S  TRAPPIST-1e  16.0  False   \n\n   RoomService  FoodCourt  ShoppingMall     Spa  VRDeck               Name  \\\n0          0.0        0.0           0.0     0.0     0.0    Maham Ofracculy   \n1        109.0        9.0          25.0   549.0    44.0       Juanna Vines   \n2         43.0     3576.0           0.0  6715.0    49.0      Altark Susent   \n3          0.0     1283.0         371.0  3329.0   193.0       Solam Susent   \n4        303.0       70.0         151.0   565.0     2.0  Willy Santantines   \n\n   Transported  \n0        False  \n1         True  \n2        False  \n3        False  \n4         True  ","text/html":"<div>\n<style scoped>\n    .dataframe tbody tr th:only-of-type {\n        vertical-align: middle;\n    }\n\n    .dataframe tbody tr th {\n        vertical-align: top;\n    }\n\n    .dataframe thead th {\n        text-align: right;\n    }\n</style>\n<table border=\"1\" class=\"dataframe\">\n  <thead>\n    <tr style=\"text-align: right;\">\n      <th></th>\n      <th>PassengerId</th>\n      <th>HomePlanet</th>\n      <th>CryoSleep</th>\n      <th>Cabin</th>\n      <th>Destination</th>\n      <th>Age</th>\n      <th>VIP</th>\n      <th>RoomService</th>\n      <th>FoodCourt</th>\n      <th>ShoppingMall</th>\n      <th>Spa</th>\n      <th>VRDeck</th>\n      <th>Name</th>\n      <th>Transported</th>\n    </tr>\n  </thead>\n  <tbody>\n    <tr>\n      <th>0</th>\n      <td>0001_01</td>\n      <td>Europa</td>\n      <td>False</td>\n      <td>B/0/P</td>\n      <td>TRAPPIST-1e</td>\n      <td>39.0</td>\n      <td>False</td>\n      <td>0.0</td>\n      <td>0.0</td>\n      <td>0.0</td>\n      <td>0.0</td>\n      <td>0.0</td>\n      <td>Maham Ofracculy</td>\n      <td>False</td>\n    </tr>\n    <tr>\n      <th>1</th>\n      <td>0002_01</td>\n      <td>Earth</td>\n      <td>False</td>\n      <td>F/0/S</td>\n      <td>TRAPPIST-1e</td>\n      <td>24.0</td>\n      <td>False</td>\n      <td>109.0</td>\n      <td>9.0</td>\n      <td>25.0</td>\n      <td>549.0</td>\n      <td>44.0</td>\n      <td>Juanna Vines</td>\n      <td>True</td>\n    </tr>\n    <tr>\n      <th>2</th>\n      <td>0003_01</td>\n      <td>Europa</td>\n      <td>False</td>\n      <td>A/0/S</td>\n      <td>TRAPPIST-1e</td>\n      <td>58.0</td>\n      <td>True</td>\n      <td>43.0</td>\n      <td>3576.0</td>\n      <td>0.0</td>\n      <td>6715.0</td>\n      <td>49.0</td>\n      <td>Altark Susent</td>\n      <td>False</td>\n    </tr>\n    <tr>\n      <th>3</th>\n      <td>0003_02</td>\n      <td>Europa</td>\n      <td>False</td>\n      <td>A/0/S</td>\n      <td>TRAPPIST-1e</td>\n      <td>33.0</td>\n      <td>False</td>\n      <td>0.0</td>\n      <td>1283.0</td>\n      <td>371.0</td>\n      <td>3329.0</td>\n      <td>193.0</td>\n      <td>Solam Susent</td>\n      <td>False</td>\n    </tr>\n    <tr>\n      <th>4</th>\n      <td>0004_01</td>\n      <td>Earth</td>\n      <td>False</td>\n      <td>F/1/S</td>\n      <td>TRAPPIST-1e</td>\n      <td>16.0</td>\n      <td>False</td>\n      <td>303.0</td>\n      <td>70.0</td>\n      <td>151.0</td>\n      <td>565.0</td>\n      <td>2.0</td>\n      <td>Willy Santantines</td>\n      <td>True</td>\n    </tr>\n  </tbody>\n</table>\n</div>"},"metadata":{}}]},{"cell_type":"code","source":"unique_series = train_df.nunique().rename('unique_count')\nna_series = train_df.isna().sum().rename('na_count')\ntype_series = train_df.dtypes.rename('type')\n\ntrain_info_df = pd.concat([unique_series, na_series, type_series], axis=1)\ntrain_info_df","metadata":{"execution":{"iopub.status.busy":"2023-03-25T14:35:13.375098Z","iopub.execute_input":"2023-03-25T14:35:13.375484Z","iopub.status.idle":"2023-03-25T14:35:13.407757Z","shell.execute_reply.started":"2023-03-25T14:35:13.375447Z","shell.execute_reply":"2023-03-25T14:35:13.406538Z"},"trusted":true},"execution_count":155,"outputs":[{"execution_count":155,"output_type":"execute_result","data":{"text/plain":"              unique_count  na_count     type\nPassengerId           8693         0   object\nHomePlanet               3       201   object\nCryoSleep                2       217   object\nCabin                 6560       199   object\nDestination              3       182   object\nAge                     80       179  float64\nVIP                      2       203   object\nRoomService           1273       181  float64\nFoodCourt             1507       183  float64\nShoppingMall          1115       208  float64\nSpa                   1327       183  float64\nVRDeck                1306       188  float64\nName                  8473       200   object\nTransported              2         0     bool","text/html":"<div>\n<style scoped>\n    .dataframe tbody tr th:only-of-type {\n        vertical-align: middle;\n    }\n\n    .dataframe tbody tr th {\n        vertical-align: top;\n    }\n\n    .dataframe thead th {\n        text-align: right;\n    }\n</style>\n<table border=\"1\" class=\"dataframe\">\n  <thead>\n    <tr style=\"text-align: right;\">\n      <th></th>\n      <th>unique_count</th>\n      <th>na_count</th>\n      <th>type</th>\n    </tr>\n  </thead>\n  <tbody>\n    <tr>\n      <th>PassengerId</th>\n      <td>8693</td>\n      <td>0</td>\n      <td>object</td>\n    </tr>\n    <tr>\n      <th>HomePlanet</th>\n      <td>3</td>\n      <td>201</td>\n      <td>object</td>\n    </tr>\n    <tr>\n      <th>CryoSleep</th>\n      <td>2</td>\n      <td>217</td>\n      <td>object</td>\n    </tr>\n    <tr>\n      <th>Cabin</th>\n      <td>6560</td>\n      <td>199</td>\n      <td>object</td>\n    </tr>\n    <tr>\n      <th>Destination</th>\n      <td>3</td>\n      <td>182</td>\n      <td>object</td>\n    </tr>\n    <tr>\n      <th>Age</th>\n      <td>80</td>\n      <td>179</td>\n      <td>float64</td>\n    </tr>\n    <tr>\n      <th>VIP</th>\n      <td>2</td>\n      <td>203</td>\n      <td>object</td>\n    </tr>\n    <tr>\n      <th>RoomService</th>\n      <td>1273</td>\n      <td>181</td>\n      <td>float64</td>\n    </tr>\n    <tr>\n      <th>FoodCourt</th>\n      <td>1507</td>\n      <td>183</td>\n      <td>float64</td>\n    </tr>\n    <tr>\n      <th>ShoppingMall</th>\n      <td>1115</td>\n      <td>208</td>\n      <td>float64</td>\n    </tr>\n    <tr>\n      <th>Spa</th>\n      <td>1327</td>\n      <td>183</td>\n      <td>float64</td>\n    </tr>\n    <tr>\n      <th>VRDeck</th>\n      <td>1306</td>\n      <td>188</td>\n      <td>float64</td>\n    </tr>\n    <tr>\n      <th>Name</th>\n      <td>8473</td>\n      <td>200</td>\n      <td>object</td>\n    </tr>\n    <tr>\n      <th>Transported</th>\n      <td>2</td>\n      <td>0</td>\n      <td>bool</td>\n    </tr>\n  </tbody>\n</table>\n</div>"},"metadata":{}}]},{"cell_type":"code","source":"bool_features = [\"CryoSleep\", \"VIP\"]\n\ntrain_df[\"Transported\"] = train_df[\"Transported\"].astype(int)\ntrain_df.head()","metadata":{"execution":{"iopub.status.busy":"2023-03-25T14:35:13.409660Z","iopub.execute_input":"2023-03-25T14:35:13.410140Z","iopub.status.idle":"2023-03-25T14:35:13.433382Z","shell.execute_reply.started":"2023-03-25T14:35:13.410091Z","shell.execute_reply":"2023-03-25T14:35:13.432099Z"},"trusted":true},"execution_count":156,"outputs":[{"execution_count":156,"output_type":"execute_result","data":{"text/plain":"  PassengerId HomePlanet CryoSleep  Cabin  Destination   Age    VIP  \\\n0     0001_01     Europa     False  B/0/P  TRAPPIST-1e  39.0  False   \n1     0002_01      Earth     False  F/0/S  TRAPPIST-1e  24.0  False   \n2     0003_01     Europa     False  A/0/S  TRAPPIST-1e  58.0   True   \n3     0003_02     Europa     False  A/0/S  TRAPPIST-1e  33.0  False   \n4     0004_01      Earth     False  F/1/S  TRAPPIST-1e  16.0  False   \n\n   RoomService  FoodCourt  ShoppingMall     Spa  VRDeck               Name  \\\n0          0.0        0.0           0.0     0.0     0.0    Maham Ofracculy   \n1        109.0        9.0          25.0   549.0    44.0       Juanna Vines   \n2         43.0     3576.0           0.0  6715.0    49.0      Altark Susent   \n3          0.0     1283.0         371.0  3329.0   193.0       Solam Susent   \n4        303.0       70.0         151.0   565.0     2.0  Willy Santantines   \n\n   Transported  \n0            0  \n1            1  \n2            0  \n3            0  \n4            1  ","text/html":"<div>\n<style scoped>\n    .dataframe tbody tr th:only-of-type {\n        vertical-align: middle;\n    }\n\n    .dataframe tbody tr th {\n        vertical-align: top;\n    }\n\n    .dataframe thead th {\n        text-align: right;\n    }\n</style>\n<table border=\"1\" class=\"dataframe\">\n  <thead>\n    <tr style=\"text-align: right;\">\n      <th></th>\n      <th>PassengerId</th>\n      <th>HomePlanet</th>\n      <th>CryoSleep</th>\n      <th>Cabin</th>\n      <th>Destination</th>\n      <th>Age</th>\n      <th>VIP</th>\n      <th>RoomService</th>\n      <th>FoodCourt</th>\n      <th>ShoppingMall</th>\n      <th>Spa</th>\n      <th>VRDeck</th>\n      <th>Name</th>\n      <th>Transported</th>\n    </tr>\n  </thead>\n  <tbody>\n    <tr>\n      <th>0</th>\n      <td>0001_01</td>\n      <td>Europa</td>\n      <td>False</td>\n      <td>B/0/P</td>\n      <td>TRAPPIST-1e</td>\n      <td>39.0</td>\n      <td>False</td>\n      <td>0.0</td>\n      <td>0.0</td>\n      <td>0.0</td>\n      <td>0.0</td>\n      <td>0.0</td>\n      <td>Maham Ofracculy</td>\n      <td>0</td>\n    </tr>\n    <tr>\n      <th>1</th>\n      <td>0002_01</td>\n      <td>Earth</td>\n      <td>False</td>\n      <td>F/0/S</td>\n      <td>TRAPPIST-1e</td>\n      <td>24.0</td>\n      <td>False</td>\n      <td>109.0</td>\n      <td>9.0</td>\n      <td>25.0</td>\n      <td>549.0</td>\n      <td>44.0</td>\n      <td>Juanna Vines</td>\n      <td>1</td>\n    </tr>\n    <tr>\n      <th>2</th>\n      <td>0003_01</td>\n      <td>Europa</td>\n      <td>False</td>\n      <td>A/0/S</td>\n      <td>TRAPPIST-1e</td>\n      <td>58.0</td>\n      <td>True</td>\n      <td>43.0</td>\n      <td>3576.0</td>\n      <td>0.0</td>\n      <td>6715.0</td>\n      <td>49.0</td>\n      <td>Altark Susent</td>\n      <td>0</td>\n    </tr>\n    <tr>\n      <th>3</th>\n      <td>0003_02</td>\n      <td>Europa</td>\n      <td>False</td>\n      <td>A/0/S</td>\n      <td>TRAPPIST-1e</td>\n      <td>33.0</td>\n      <td>False</td>\n      <td>0.0</td>\n      <td>1283.0</td>\n      <td>371.0</td>\n      <td>3329.0</td>\n      <td>193.0</td>\n      <td>Solam Susent</td>\n      <td>0</td>\n    </tr>\n    <tr>\n      <th>4</th>\n      <td>0004_01</td>\n      <td>Earth</td>\n      <td>False</td>\n      <td>F/1/S</td>\n      <td>TRAPPIST-1e</td>\n      <td>16.0</td>\n      <td>False</td>\n      <td>303.0</td>\n      <td>70.0</td>\n      <td>151.0</td>\n      <td>565.0</td>\n      <td>2.0</td>\n      <td>Willy Santantines</td>\n      <td>1</td>\n    </tr>\n  </tbody>\n</table>\n</div>"},"metadata":{}}]},{"cell_type":"code","source":"def split_cabin(df):\n    cabin_df = df[\"Cabin\"].str.split(\"/\", expand=True).rename(columns={\n        0: \"CabinDeck\",\n        1: \"CabinNumber\",\n        2: \"CabinSide\"\n    })\n    return pd.concat([df.drop([\"Cabin\"], axis=1), cabin_df], axis=1)\n\ntrain_df = split_cabin(train_df)\ntest_df = split_cabin(test_df)\n\ntrain_df.head()","metadata":{"execution":{"iopub.status.busy":"2023-03-25T14:35:13.436204Z","iopub.execute_input":"2023-03-25T14:35:13.436617Z","iopub.status.idle":"2023-03-25T14:35:13.494120Z","shell.execute_reply.started":"2023-03-25T14:35:13.436578Z","shell.execute_reply":"2023-03-25T14:35:13.492743Z"},"trusted":true},"execution_count":157,"outputs":[{"execution_count":157,"output_type":"execute_result","data":{"text/plain":"  PassengerId HomePlanet CryoSleep  Destination   Age    VIP  RoomService  \\\n0     0001_01     Europa     False  TRAPPIST-1e  39.0  False          0.0   \n1     0002_01      Earth     False  TRAPPIST-1e  24.0  False        109.0   \n2     0003_01     Europa     False  TRAPPIST-1e  58.0   True         43.0   \n3     0003_02     Europa     False  TRAPPIST-1e  33.0  False          0.0   \n4     0004_01      Earth     False  TRAPPIST-1e  16.0  False        303.0   \n\n   FoodCourt  ShoppingMall     Spa  VRDeck               Name  Transported  \\\n0        0.0           0.0     0.0     0.0    Maham Ofracculy            0   \n1        9.0          25.0   549.0    44.0       Juanna Vines            1   \n2     3576.0           0.0  6715.0    49.0      Altark Susent            0   \n3     1283.0         371.0  3329.0   193.0       Solam Susent            0   \n4       70.0         151.0   565.0     2.0  Willy Santantines            1   \n\n  CabinDeck CabinNumber CabinSide  \n0         B           0         P  \n1         F           0         S  \n2         A           0         S  \n3         A           0         S  \n4         F           1         S  ","text/html":"<div>\n<style scoped>\n    .dataframe tbody tr th:only-of-type {\n        vertical-align: middle;\n    }\n\n    .dataframe tbody tr th {\n        vertical-align: top;\n    }\n\n    .dataframe thead th {\n        text-align: right;\n    }\n</style>\n<table border=\"1\" class=\"dataframe\">\n  <thead>\n    <tr style=\"text-align: right;\">\n      <th></th>\n      <th>PassengerId</th>\n      <th>HomePlanet</th>\n      <th>CryoSleep</th>\n      <th>Destination</th>\n      <th>Age</th>\n      <th>VIP</th>\n      <th>RoomService</th>\n      <th>FoodCourt</th>\n      <th>ShoppingMall</th>\n      <th>Spa</th>\n      <th>VRDeck</th>\n      <th>Name</th>\n      <th>Transported</th>\n      <th>CabinDeck</th>\n      <th>CabinNumber</th>\n      <th>CabinSide</th>\n    </tr>\n  </thead>\n  <tbody>\n    <tr>\n      <th>0</th>\n      <td>0001_01</td>\n      <td>Europa</td>\n      <td>False</td>\n      <td>TRAPPIST-1e</td>\n      <td>39.0</td>\n      <td>False</td>\n      <td>0.0</td>\n      <td>0.0</td>\n      <td>0.0</td>\n      <td>0.0</td>\n      <td>0.0</td>\n      <td>Maham Ofracculy</td>\n      <td>0</td>\n      <td>B</td>\n      <td>0</td>\n      <td>P</td>\n    </tr>\n    <tr>\n      <th>1</th>\n      <td>0002_01</td>\n      <td>Earth</td>\n      <td>False</td>\n      <td>TRAPPIST-1e</td>\n      <td>24.0</td>\n      <td>False</td>\n      <td>109.0</td>\n      <td>9.0</td>\n      <td>25.0</td>\n      <td>549.0</td>\n      <td>44.0</td>\n      <td>Juanna Vines</td>\n      <td>1</td>\n      <td>F</td>\n      <td>0</td>\n      <td>S</td>\n    </tr>\n    <tr>\n      <th>2</th>\n      <td>0003_01</td>\n      <td>Europa</td>\n      <td>False</td>\n      <td>TRAPPIST-1e</td>\n      <td>58.0</td>\n      <td>True</td>\n      <td>43.0</td>\n      <td>3576.0</td>\n      <td>0.0</td>\n      <td>6715.0</td>\n      <td>49.0</td>\n      <td>Altark Susent</td>\n      <td>0</td>\n      <td>A</td>\n      <td>0</td>\n      <td>S</td>\n    </tr>\n    <tr>\n      <th>3</th>\n      <td>0003_02</td>\n      <td>Europa</td>\n      <td>False</td>\n      <td>TRAPPIST-1e</td>\n      <td>33.0</td>\n      <td>False</td>\n      <td>0.0</td>\n      <td>1283.0</td>\n      <td>371.0</td>\n      <td>3329.0</td>\n      <td>193.0</td>\n      <td>Solam Susent</td>\n      <td>0</td>\n      <td>A</td>\n      <td>0</td>\n      <td>S</td>\n    </tr>\n    <tr>\n      <th>4</th>\n      <td>0004_01</td>\n      <td>Earth</td>\n      <td>False</td>\n      <td>TRAPPIST-1e</td>\n      <td>16.0</td>\n      <td>False</td>\n      <td>303.0</td>\n      <td>70.0</td>\n      <td>151.0</td>\n      <td>565.0</td>\n      <td>2.0</td>\n      <td>Willy Santantines</td>\n      <td>1</td>\n      <td>F</td>\n      <td>1</td>\n      <td>S</td>\n    </tr>\n  </tbody>\n</table>\n</div>"},"metadata":{}}]},{"cell_type":"code","source":"def encode_features(df):\n    features_to_encode = [\"HomePlanet\", \"Destination\", \"CabinDeck\", \"CabinSide\", *bool_features]\n    encoded_features_df = pd.get_dummies(df[features_to_encode].replace(\" \", \"-\", regex=True), prefix_sep=\"\")\n    \n    return pd.concat([df.drop(features_to_encode, axis=1), encoded_features_df], axis=1)\n\ntrain_df = encode_features(train_df)\ntest_df = encode_features(test_df)\n\ntrain_df.head()","metadata":{"execution":{"iopub.status.busy":"2023-03-25T14:35:13.495949Z","iopub.execute_input":"2023-03-25T14:35:13.496289Z","iopub.status.idle":"2023-03-25T14:35:13.665995Z","shell.execute_reply.started":"2023-03-25T14:35:13.496254Z","shell.execute_reply":"2023-03-25T14:35:13.664688Z"},"trusted":true},"execution_count":158,"outputs":[{"execution_count":158,"output_type":"execute_result","data":{"text/plain":"  PassengerId   Age  RoomService  FoodCourt  ShoppingMall     Spa  VRDeck  \\\n0     0001_01  39.0          0.0        0.0           0.0     0.0     0.0   \n1     0002_01  24.0        109.0        9.0          25.0   549.0    44.0   \n2     0003_01  58.0         43.0     3576.0           0.0  6715.0    49.0   \n3     0003_02  33.0          0.0     1283.0         371.0  3329.0   193.0   \n4     0004_01  16.0        303.0       70.0         151.0   565.0     2.0   \n\n                Name  Transported CabinNumber  ...  CabinDeckE  CabinDeckF  \\\n0    Maham Ofracculy            0           0  ...           0           0   \n1       Juanna Vines            1           0  ...           0           1   \n2      Altark Susent            0           0  ...           0           0   \n3       Solam Susent            0           0  ...           0           0   \n4  Willy Santantines            1           1  ...           0           1   \n\n   CabinDeckG  CabinDeckT  CabinSideP  CabinSideS  CryoSleepFalse  \\\n0           0           0           1           0               1   \n1           0           0           0           1               1   \n2           0           0           0           1               1   \n3           0           0           0           1               1   \n4           0           0           0           1               1   \n\n   CryoSleepTrue  VIPFalse  VIPTrue  \n0              0         1        0  \n1              0         1        0  \n2              0         0        1  \n3              0         1        0  \n4              0         1        0  \n\n[5 rows x 30 columns]","text/html":"<div>\n<style scoped>\n    .dataframe tbody tr th:only-of-type {\n        vertical-align: middle;\n    }\n\n    .dataframe tbody tr th {\n        vertical-align: top;\n    }\n\n    .dataframe thead th {\n        text-align: right;\n    }\n</style>\n<table border=\"1\" class=\"dataframe\">\n  <thead>\n    <tr style=\"text-align: right;\">\n      <th></th>\n      <th>PassengerId</th>\n      <th>Age</th>\n      <th>RoomService</th>\n      <th>FoodCourt</th>\n      <th>ShoppingMall</th>\n      <th>Spa</th>\n      <th>VRDeck</th>\n      <th>Name</th>\n      <th>Transported</th>\n      <th>CabinNumber</th>\n      <th>...</th>\n      <th>CabinDeckE</th>\n      <th>CabinDeckF</th>\n      <th>CabinDeckG</th>\n      <th>CabinDeckT</th>\n      <th>CabinSideP</th>\n      <th>CabinSideS</th>\n      <th>CryoSleepFalse</th>\n      <th>CryoSleepTrue</th>\n      <th>VIPFalse</th>\n      <th>VIPTrue</th>\n    </tr>\n  </thead>\n  <tbody>\n    <tr>\n      <th>0</th>\n      <td>0001_01</td>\n      <td>39.0</td>\n      <td>0.0</td>\n      <td>0.0</td>\n      <td>0.0</td>\n      <td>0.0</td>\n      <td>0.0</td>\n      <td>Maham Ofracculy</td>\n      <td>0</td>\n      <td>0</td>\n      <td>...</td>\n      <td>0</td>\n      <td>0</td>\n      <td>0</td>\n      <td>0</td>\n      <td>1</td>\n      <td>0</td>\n      <td>1</td>\n      <td>0</td>\n      <td>1</td>\n      <td>0</td>\n    </tr>\n    <tr>\n      <th>1</th>\n      <td>0002_01</td>\n      <td>24.0</td>\n      <td>109.0</td>\n      <td>9.0</td>\n      <td>25.0</td>\n      <td>549.0</td>\n      <td>44.0</td>\n      <td>Juanna Vines</td>\n      <td>1</td>\n      <td>0</td>\n      <td>...</td>\n      <td>0</td>\n      <td>1</td>\n      <td>0</td>\n      <td>0</td>\n      <td>0</td>\n      <td>1</td>\n      <td>1</td>\n      <td>0</td>\n      <td>1</td>\n      <td>0</td>\n    </tr>\n    <tr>\n      <th>2</th>\n      <td>0003_01</td>\n      <td>58.0</td>\n      <td>43.0</td>\n      <td>3576.0</td>\n      <td>0.0</td>\n      <td>6715.0</td>\n      <td>49.0</td>\n      <td>Altark Susent</td>\n      <td>0</td>\n      <td>0</td>\n      <td>...</td>\n      <td>0</td>\n      <td>0</td>\n      <td>0</td>\n      <td>0</td>\n      <td>0</td>\n      <td>1</td>\n      <td>1</td>\n      <td>0</td>\n      <td>0</td>\n      <td>1</td>\n    </tr>\n    <tr>\n      <th>3</th>\n      <td>0003_02</td>\n      <td>33.0</td>\n      <td>0.0</td>\n      <td>1283.0</td>\n      <td>371.0</td>\n      <td>3329.0</td>\n      <td>193.0</td>\n      <td>Solam Susent</td>\n      <td>0</td>\n      <td>0</td>\n      <td>...</td>\n      <td>0</td>\n      <td>0</td>\n      <td>0</td>\n      <td>0</td>\n      <td>0</td>\n      <td>1</td>\n      <td>1</td>\n      <td>0</td>\n      <td>1</td>\n      <td>0</td>\n    </tr>\n    <tr>\n      <th>4</th>\n      <td>0004_01</td>\n      <td>16.0</td>\n      <td>303.0</td>\n      <td>70.0</td>\n      <td>151.0</td>\n      <td>565.0</td>\n      <td>2.0</td>\n      <td>Willy Santantines</td>\n      <td>1</td>\n      <td>1</td>\n      <td>...</td>\n      <td>0</td>\n      <td>1</td>\n      <td>0</td>\n      <td>0</td>\n      <td>0</td>\n      <td>1</td>\n      <td>1</td>\n      <td>0</td>\n      <td>1</td>\n      <td>0</td>\n    </tr>\n  </tbody>\n</table>\n<p>5 rows × 30 columns</p>\n</div>"},"metadata":{}}]},{"cell_type":"code","source":"def cast_numerics(df):\n    numeric_features = [\"Age\", \"RoomService\", \"FoodCourt\", \"ShoppingMall\", \"Spa\", \"VRDeck\"]\n    df[numeric_features] = df[numeric_features].apply(pd.to_numeric, errors=\"coerce\")\n\ncast_numerics(train_df)\ncast_numerics(test_df)\n\ntrain_df.isna().sum()","metadata":{"execution":{"iopub.status.busy":"2023-03-25T14:35:13.667616Z","iopub.execute_input":"2023-03-25T14:35:13.668081Z","iopub.status.idle":"2023-03-25T14:35:13.691237Z","shell.execute_reply.started":"2023-03-25T14:35:13.668043Z","shell.execute_reply":"2023-03-25T14:35:13.690155Z"},"trusted":true},"execution_count":159,"outputs":[{"execution_count":159,"output_type":"execute_result","data":{"text/plain":"PassengerId                   0\nAge                         179\nRoomService                 181\nFoodCourt                   183\nShoppingMall                208\nSpa                         183\nVRDeck                      188\nName                        200\nTransported                   0\nCabinNumber                 199\nHomePlanetEarth               0\nHomePlanetEuropa              0\nHomePlanetMars                0\nDestination55-Cancri-e        0\nDestinationPSO-J318.5-22      0\nDestinationTRAPPIST-1e        0\nCabinDeckA                    0\nCabinDeckB                    0\nCabinDeckC                    0\nCabinDeckD                    0\nCabinDeckE                    0\nCabinDeckF                    0\nCabinDeckG                    0\nCabinDeckT                    0\nCabinSideP                    0\nCabinSideS                    0\nCryoSleepFalse                0\nCryoSleepTrue                 0\nVIPFalse                      0\nVIPTrue                       0\ndtype: int64"},"metadata":{}}]},{"cell_type":"code","source":"px.imshow(train_df.corr())","metadata":{"execution":{"iopub.status.busy":"2023-03-25T14:35:13.693209Z","iopub.execute_input":"2023-03-25T14:35:13.694180Z","iopub.status.idle":"2023-03-25T14:35:13.763158Z","shell.execute_reply.started":"2023-03-25T14:35:13.694129Z","shell.execute_reply":"2023-03-25T14:35:13.761916Z"},"trusted":true},"execution_count":160,"outputs":[{"output_type":"display_data","data":{"text/html":"<div>                            <div id=\"558ca378-795c-430d-aa8b-e1751ef7f32d\" class=\"plotly-graph-div\" style=\"height:525px; width:100%;\"></div>            <script type=\"text/javascript\">                require([\"plotly\"], function(Plotly) {                    window.PLOTLYENV=window.PLOTLYENV || {};                                    if (document.getElementById(\"558ca378-795c-430d-aa8b-e1751ef7f32d\")) {                    Plotly.newPlot(                        \"558ca378-795c-430d-aa8b-e1751ef7f32d\",                        [{\"coloraxis\":\"coloraxis\",\"name\":\"0\",\"x\":[\"Age\",\"RoomService\",\"FoodCourt\",\"ShoppingMall\",\"Spa\",\"VRDeck\",\"Transported\",\"HomePlanetEarth\",\"HomePlanetEuropa\",\"HomePlanetMars\",\"Destination55-Cancri-e\",\"DestinationPSO-J318.5-22\",\"DestinationTRAPPIST-1e\",\"CabinDeckA\",\"CabinDeckB\",\"CabinDeckC\",\"CabinDeckD\",\"CabinDeckE\",\"CabinDeckF\",\"CabinDeckG\",\"CabinDeckT\",\"CabinSideP\",\"CabinSideS\",\"CryoSleepFalse\",\"CryoSleepTrue\",\"VIPFalse\",\"VIPTrue\"],\"y\":[\"Age\",\"RoomService\",\"FoodCourt\",\"ShoppingMall\",\"Spa\",\"VRDeck\",\"Transported\",\"HomePlanetEarth\",\"HomePlanetEuropa\",\"HomePlanetMars\",\"Destination55-Cancri-e\",\"DestinationPSO-J318.5-22\",\"DestinationTRAPPIST-1e\",\"CabinDeckA\",\"CabinDeckB\",\"CabinDeckC\",\"CabinDeckD\",\"CabinDeckE\",\"CabinDeckF\",\"CabinDeckG\",\"CabinDeckT\",\"CabinSideP\",\"CabinSideS\",\"CryoSleepFalse\",\"CryoSleepTrue\",\"VIPFalse\",\"VIPTrue\"],\"z\":[[1.0,0.06872304411557698,0.1304209544320568,0.033132616182053966,0.12397032353133916,0.10100728890306833,-0.07502558362232603,-0.20234796427938137,0.2197932023767046,0.016273443499784334,0.01687258327450184,-0.028503101195921712,-0.0010465405772689571,0.07556834304327822,0.10405792531143743,0.12795745239585302,0.07798764587162087,0.028637533014141674,-0.01893756870654646,-0.21211665998970133,0.013673013581120904,-0.011880492680813067,0.010861618800165064,0.07377105373793487,-0.07158532342198476,-0.05892978781415254,0.09182224084336371],[0.06872304411557698,1.0,-0.015888939359238876,0.05448032028344189,0.010079520358470088,-0.019581492428894107,-0.24461142158527635,-0.13936100430787413,-0.06809798428565703,0.24801310988571723,-0.024501763685383128,-0.06365501124347511,0.06177992262369458,-0.02326945306043893,-0.06561745694175707,-0.020309790396668623,0.16294375369105502,0.04410628169086161,0.08689807023328022,-0.14653035382387375,0.007364307600484838,0.0075829842709125945,-0.015590632967257224,0.24343414035042055,-0.24665808198129266,-0.050854302287062315,0.057172982711873974],[0.1304209544320568,-0.015888939359238876,1.0,-0.014227745561335022,0.22189053354751054,0.22799541000479612,0.04656639376472198,-0.2111757527614539,0.3694768851795391,-0.12614229980747602,0.1364118807371339,-0.06621444871900432,-0.07441091973687267,0.11925652017675187,0.15643450151700503,0.2625406370536585,0.02018322065601389,-0.03973988720700456,-0.13314989025354004,-0.15174716939396535,0.014133860929588425,-0.01981179751324323,0.019700335353454744,0.20476473367535128,-0.20798074096009608,-0.08963872065486496,0.12793601354935893],[0.033132616182053966,0.05448032028344189,-0.014227745561335022,1.0,0.013878590426088801,-0.007321714557183197,0.010140890024277142,-0.06987998378586807,-0.021282461366316816,0.11246418094185247,-0.01352236468502144,-0.03176049086006441,0.03318442361381237,-0.017418288401330074,-0.010739031063408663,0.0009336820299168937,0.05525214565841941,0.03165472915111073,0.07490863926975899,-0.10924537009225234,-0.00622179438608303,0.022191893929503288,-0.01904051597755522,0.20846474516117142,-0.20926510340820015,0.001104120585948479,0.018719895300547133],[0.12397032353133916,0.010079520358470088,0.22189053354751054,0.013878590426088801,1.0,0.15382122542139506,-0.22113134924572775,-0.15701828238133098,0.2691776192116079,-0.08906315943259586,0.07606462709513039,-0.05397612391279363,-0.03485882694804242,0.059204550267762314,0.11567868612008189,0.1658276947627486,0.03456364701452523,-0.011814496821358555,-0.08835170724704138,-0.12587595230565432,0.036205460494127976,-0.0058008116639065455,-0.001964089398167641,0.19907461038901383,-0.20053011919024025,-0.037446155116225614,0.06088788761010262],[0.10100728890306833,-0.019581492428894107,0.22799541000479612,-0.007321714557183197,0.15382122542139506,1.0,-0.20707538958428962,-0.15393007873488432,0.2848014019931082,-0.11312789942110317,0.09082545880671608,-0.045816438934278614,-0.04712824057193224,0.09710814108636057,0.12320355639286276,0.20831079482848955,-0.0034947809065071565,-0.018675863245905058,-0.09516452550118573,-0.12862999067239722,0.012239412577987309,0.00907335712682739,-0.006890246499203418,0.19274942762332992,-0.1951740386829323,-0.08732192244787365,0.12435080551474813],[-0.07502558362232603,-0.24461142158527635,0.04656639376472198,0.010140890024277142,-0.22113134924572775,-0.20707538958428962,1.0,-0.16901904329460207,0.17691648731695464,0.01954352719464461,0.10872233770628471,0.00009222532200445529,-0.09469978020777496,-0.0026233363908272408,0.14473302801373333,0.10819313714346425,-0.03404605784859605,-0.09796482617087457,-0.08775306650667941,0.016268850549444113,-0.014568070341314774,-0.10139736578441828,0.10145530518706083,-0.4517437370687065,0.46013235785425816,0.02460201319117483,-0.03726083226661532],[-0.20234796427938137,-0.13936100430787413,-0.2111757527614539,-0.06987998378586807,-0.15701828238133098,-0.15393007873488432,-0.16901904329460207,1.0,-0.60441074886926,-0.5341946921540187,-0.14953383970345752,0.23221817465632133,-0.015000445520946716,-0.1847500333739361,-0.332758588389186,-0.3251955454476002,-0.2558401681482083,-0.052633565029244704,0.06656218825099094,0.5781359308327157,-0.02544389902896175,0.02000568900188265,-0.015226417787329052,0.10793183367936691,-0.10913276137555536,0.10734263323502193,-0.16234128426183606],[0.2197932023767046,-0.06809798428565703,0.3694768851795391,-0.021282461366316816,0.2691776192116079,0.2848014019931082,0.17691648731695464,-0.60441074886926,1.0,-0.28702162102879436,0.2935174070282122,-0.16330845441132916,-0.14967860438042818,0.29934255229035195,0.5383791293268834,0.5256331340437634,0.08073780067553267,-0.07705828678454058,-0.3921909922168385,-0.3680754646074686,0.030943436038163144,-0.04069970764979433,0.03414734770994261,-0.09466456113354536,0.0933951743901929,-0.09480479515935607,0.14700759910408837],[0.016273443499784334,0.24801310988571723,-0.12614229980747602,0.11246418094185247,-0.08906315943259586,-0.11312789942110317,0.01954352719464461,-0.5341946921540187,-0.28702162102879436,1.0,-0.12099552603018753,-0.11125993567887532,0.1707781405502605,-0.08773380381357426,-0.1580198724615611,-0.15442834658439078,0.23272958531378715,0.14529065421896306,0.3339293474218614,-0.32531512696172427,-0.012082758551610819,0.02115963205345342,-0.019279406669256993,-0.03169186604137614,0.03271517383458086,-0.033617228327132945,0.04352301718990034],[0.01687258327450184,-0.024501763685383128,0.1364118807371339,-0.01352236468502144,0.07606462709513039,0.09082545880671608,0.10872233770628471,-0.14953383970345752,0.2935174070282122,-0.12099552603018753,1.0,-0.16223986570622284,-0.7456643276694862,0.0923450185053072,0.1706582444153981,0.16442845311554502,0.017465364142234513,-0.06166670406651649,-0.10974556616333753,-0.1027013245905359,-0.012259061092863625,-0.015285935222582526,0.010285466506821437,-0.06406918848708394,0.06558938227978157,-0.03347142315267712,0.04516707522986234],[-0.028503101195921712,-0.06365501124347511,-0.06621444871900432,-0.03176049086006441,-0.05397612391279363,-0.045816438934278614,0.00009222532200445529,0.23221817465632133,-0.16330845441132916,-0.11125993567887532,-0.16223986570622284,1.0,-0.4632727107111942,-0.05058491193445231,-0.095419194480442,-0.07884370047899472,-0.04683862229606029,-0.05195718716004209,-0.012674672304154411,0.19837356179103377,-0.007616414320120761,0.0062774659257074945,-0.006097633054222193,-0.0857443687644792,0.08776359895556417,-0.00605779340932897,-0.0005920890639285605],[-0.0010465405772689571,0.06177992262369458,-0.07441091973687267,0.03318442361381237,-0.03485882694804242,-0.04712824057193224,-0.09469978020777496,-0.015000445520946716,-0.14967860438042818,0.1707781405502605,-0.7456643276694862,-0.4632727107111942,1.0,-0.04697242460496381,-0.08987325952615488,-0.09091192912352622,0.013801596191215992,0.081902698206619,0.09871129980383128,-0.028810441537539516,0.01644045536036081,0.009922616934988554,-0.0057705181246412015,0.10048587169687702,-0.10321302639762354,0.029993453666178057,-0.03530860320287437],[0.07556834304327822,-0.02326945306043893,0.11925652017675187,-0.017418288401330074,0.059204550267762314,0.09710814108636057,-0.0026233363908272408,-0.1847500333739361,0.29934255229035195,-0.08773380381357426,0.0923450185053072,-0.05058491193445231,-0.04697242460496381,1.0,-0.05465081765095728,-0.05340869650034249,-0.04201807215537639,-0.05831200241512133,-0.11988089066346316,-0.112509505328249,-0.0041787948821769595,-0.009343727708260786,0.01731557223008429,0.03068888876769469,-0.030593814735674633,-0.09448202342250267,0.13257369953193796],[0.10405792531143743,-0.06561745694175707,0.15643450151700503,-0.010739031063408663,0.11567868612008189,0.12320355639286276,0.14473302801373333,-0.332758588389186,0.5383791293268834,-0.1580198724615611,0.1706582444153981,-0.095419194480442,-0.08987325952615488,-0.05465081765095728,1.0,-0.09619593637198048,-0.07567995589456002,-0.10502742140527205,-0.21592091337419025,-0.20264409965013444,-0.00752654741526736,-0.019269043655760248,0.03362630755647745,-0.12183724463835724,0.1240486209372003,-0.034472731847560834,0.06507971264866347],[0.12795745239585302,-0.020309790396668623,0.2625406370536585,0.0009336820299168937,0.1658276947627486,0.20831079482848955,0.10819313714346425,-0.3251955454476002,0.5256331340437634,-0.15442834658439078,0.16442845311554502,-0.07884370047899472,-0.09091192912352622,-0.05340869650034249,-0.09619593637198048,1.0,-0.07395987780726418,-0.10264032479575388,-0.21101339423925225,-0.19803834015664926,-0.007355481653812231,-0.016777216107203785,0.030809050919981207,-0.031703287620840806,0.028433220494827865,-0.04975112126593048,0.06559106594196136],[0.07798764587162087,0.16294375369105502,0.02018322065601389,0.05525214565841941,0.03456364701452523,-0.0034947809065071565,-0.03404605784859605,-0.2558401681482083,0.08073780067553267,0.23272958531378715,0.017465364142234513,-0.04683862229606029,0.013801596191215992,-0.04201807215537639,-0.07567995589456002,-0.07395987780726418,1.0,-0.08074993130176071,-0.166009968523364,-0.15580214106479146,-0.005786757197218736,0.016889704747620363,-0.005837479439115439,0.0677031170282214,-0.0666775623226672,-0.04300063661668931,0.06767822382939802],[0.028637533014141674,0.04410628169086161,-0.03973988720700456,0.03165472915111073,-0.011814496821358555,-0.018675863245905058,-0.09796482617087457,-0.052633565029244704,-0.07705828678454058,0.14529065421896306,-0.06166670406651649,-0.05195718716004209,0.081902698206619,-0.05831200241512133,-0.10502742140527205,-0.10264032479575388,-0.08074993130176071,1.0,-0.23038595511169693,-0.21621969690698212,-0.008030768246866462,0.003944486837956673,0.011385190435082102,0.1104769632667521,-0.11064395660631582,0.019123923816658703,-0.012912089910451563],[-0.01893756870654646,0.08689807023328022,-0.13314989025354004,0.07490863926975899,-0.08835170724704138,-0.09516452550118573,-0.08775306650667941,0.06656218825099094,-0.3921909922168385,0.3339293474218614,-0.10974556616333753,-0.012674672304154411,0.09871129980383128,-0.11988089066346316,-0.21592091337419025,-0.21101339423925225,-0.166009968523364,-0.23038595511169693,1.0,-0.4445158590107254,-0.016510077004259455,0.04246678216662495,-0.010936378928915167,0.21777218950224483,-0.2201497592636127,0.03542781880754281,-0.05757825463619056],[-0.21211665998970133,-0.14653035382387375,-0.15174716939396535,-0.10924537009225234,-0.12587595230565432,-0.12862999067239722,0.016268850549444113,0.5781359308327157,-0.3680754646074686,-0.32531512696172427,-0.1027013245905359,0.19837356179103377,-0.028810441537539516,-0.112509505328249,-0.20264409965013444,-0.19803834015664926,-0.15580214106479146,-0.21621969690698212,-0.4445158590107254,1.0,-0.015494884851123724,0.01912170699718724,0.010460957615081251,-0.23735885098773826,0.24139871225321807,0.06290262848326938,-0.09886297313778203],[0.013673013581120904,0.007364307600484838,0.014133860929588425,-0.00622179438608303,0.036205460494127976,0.012239412577987309,-0.014568070341314774,-0.02544389902896175,0.030943436038163144,-0.012082758551610819,-0.012259061092863625,-0.007616414320120761,0.01644045536036081,-0.0041787948821769595,-0.00752654741526736,-0.007355481653812231,-0.005786757197218736,-0.008030768246866462,-0.016510077004259455,-0.015494884851123724,1.0,0.015177224805999852,-0.014072223781272878,0.00864139933705098,-0.017578944363067138,0.005282441120820526,-0.0036719394061830893],[-0.011880492680813067,0.0075829842709125945,-0.01981179751324323,0.022191893929503288,-0.0058008116639065455,0.00907335712682739,-0.10139736578441828,0.02000568900188265,-0.04069970764979433,0.02115963205345342,-0.015285935222582526,0.0062774659257074945,0.009922616934988554,-0.009343727708260786,-0.019269043655760248,-0.016777216107203785,0.016889704747620363,0.003944486837956673,0.04246678216662495,0.01912170699718724,0.015177224805999852,1.0,-0.9552367698682662,0.01